0.020779438184042598
0.031364283019090666
0.8816481251609769
0.3728106370977019
0.6678859609093033
0.6708347078339177
0.23956685142785938
0.29366956440950287
0.691399751723651
0.8858438480153555
0.15323169375994095
0.9491337637181371
0.2515109598726487
0.2259130688724973
0.05575581840898092
0.46594507428291765
0.4909077597694621
0.11933326606574413
0.05695639695759991
0.7520752493628684
0.8795693216030835
0.9336705641046995
0.8784341119375046
0.6713716196147718
0.33303508995253717
0.35141265835596835
0.6386827146096404
0.5480072303526606
0.2594549993902979
0.9457962423312067
0.12058331123548272
0.2261076700774295
0.15263800500042235
0.842832235539279
0.7561770596979377
0.6765285349856814
0.3414813182586762
0.13777223516187742
0.19739913382593588
0.190608957926514
0.030576483248043518
0.2977363698192461
0.0064962029422857
0.5298281536157418
0.822452439533021
0.12694868636554024
0.6961378484782006
0.010643584246028182
0.4988297875737794
0.9970035563636961
0.07677256133445343
0.3953909074311295
0.9564247940417077
0.9518126058238372
0.6275669414839002
0.6329773912975876
0.8422552494232517
0.9853582274934944
0.3973065827248121
0.9472018055749761
0.6140648027005169
0.26010681456112306
0.762925815771018
0.5058861744337378
0.46339637245988485
0.28491075934417676
0.22587246231707592
0.920605017729262
0.7820089089224604
0.10345522555352238
0.3103031554550264
0.12465069981301036
0.6267464982170337
0.3577821783364983
0.5421435796635927
0.755973944352818
0.9436323235532326
0.6861507087455396
0.4343369663025479
0.03219082570520404
0.14887423514828046
0.29046927385455645
0.38114372065337254
0.24634867677387995
0.032632842053729405
0.6657618371313873
0.37314352982573196
0.4349952226157695
0.8508169903082478
0.4226069746448434
0.4846305550416794
0.47419678543516985
0.9008356205392078
0.8532147250765232
0.1563818700786893
0.8445025504335311
0.8391488721157527
0.3927836878843023
0.39931736695814646
0.5724541084716684
0.4916256950796203
0.41000612907669454
0.17835945678410647
0.4040906250835228
0.9321290277601678
0.8240663913755192
0.40083938228237104
0.0950013969626704
0.1604138104957309
0.890204297801459
0.13008581091660854
0.8118298128687854
0.797336929571974
0.12189118526770615
0.8723712342163327
0.03173336237841429
0.8335426187270314
0.72489360005845
0.0441800269436361
0.9991567602998079
0.6172006515666278
0.10697590749708985
0.016801262742079492
0.7533762284320372
0.9470386863461939
0.9967191418538767
0.4565387213882107
0.9756247646506825
0.34882447911937664
0.4559110930400696
0.03136927125041211
0.4212099826798611
0.3566172297350443
0.6021879301767437
0.9386701462428731
0.49988709420633637
0.894522109046979
0.1720852478734075
0.1236740991306835
0.6468518845661743
0.6603453229706004
0.14938244450499782
0.5046015505938758
0.4870695261870054
0.7494616265917738
0.5596009039993285
0.9979567618895135
0.43725698567126203
0.6253702063635151
0.18874328541979268
0.6462649850925287
0.3126881207416662
0.9428285836392787
0.4228376573977948
0.6905659720739546
0.7100923306175577
0.6601187312701108
0.6245766048638858
0.0012688486996185189
0.4232688640750465
0.33891335721418103
0.4643183795923457
0.883511934127938
0.9146409892734398
0.523374218943058
0.4049431885960376
0.906960603307798
0.913825087341218
0.6145291051353239
0.10353500585744724
0.07501477197211881
0.5433920150148407
0.7116370298122057
0.8375849773338114
0.34468745647896604
0.9823490634003929
0.4791665649297716
0.18938993429154882
0.23595389221788454
0.5694727404545132
0.21617506880655102
0.12954541284890608
0.028160907288111714
0.4214740680515402
0.9542917819185621
0.3289094462343708
0.8311243214306795
0.09507958735550881
0.5911705603617601
0.9981400139056088
0.6398316500368403
0.5574630172647992
0.7781934074550008
0.8048853685171375
0.3342066705306962
0.7460637201823237
0.5243690728550674
0.45093317342572903
0.4691808872902462
0.29668013838966
0.2527852583473311
0.3051011272539562
0.615356503975766
0.5978276231487221
0.3516374762892521
0.08237763392466557
0.9568344352416401
0.18970166020301749
0.09877093490883115
0.9357986893345402
0.8303196699569528
0.6676891164802066
0.20683665650532979
0.4847726996571925
0.8984058889256361
0.6732219723224893
0.13557640473400645
0.24204223585267193
0.6899797939347762
0.2588687501891128
0.7484155430857836
0.6211977542763237
0.3119749993161044
0.8999115294217467
0.852456865356191
0.20763533930208544
0.23924414156927853
0.6912570687285584
0.6541323859866851
0.25807685187120155
0.2231074478731101
0.8163825111889943
0.18718426227180274
0.45724730250964996
0.5241740310201224
0.20411790089005832
0.3253100541273658
0.8050311662542041
0.8713226101595996
0.39941872953218405
0.0787216339255361
0.13340555779740504
0.7762662018356069
0.06588396714536282
0.492030955699861
0.1596751334184422
0.09191509921118202
0.21062599513777558
0.6102903248656102
0.17100973218926163
0.9927912980550492
0.17620093644558732
0.6606782565692418
0.4050126771550706
0.8770366579280264
0.6796589804012129
0.8092368123580603
0.9420240908894085
0.04209579078703296
0.6953763215357371
0.5952296596287279
0.45708992644628854
0.3699446009541546
0.7761812304201843
0.42010485239306605
0.4930045236417807
0.6727733116234544
0.4863894118529235
0.27370969877437923
0.010560375039200043
0.7963228910254112
0.9807140386938692
0.21731962331707644
0.8481160336889894
0.05561217663728413
0.4046185213076642
0.011207041331260048
0.37981897377279583
0.08658235572519646
0.714531055286076
0.6738897294859199
0.1002974080301321
0.73722475194901
0.7204416829613395
0.6908630580696753
0.08336127742658006
0.19304604767285571
0.638754277040251
0.05253379532672309
0.2632290361464622
0.13426543315910056
0.2098671796579058
0.2942377448614396
0.26902402490439514
0.355926097621619
0.48280811624090714
0.23563732593930986
0.10676008650776003
0.9471430907971252
0.6983501692828086
0.17245926256536315
0.32776316276325934
0.8219985477787222
0.3123876070913848
0.8604466465812928
0.4484516711300556
0.12213441880875009
0.09295148823339128
0.7495636783808104
0.2936258771652851
0.7698817772171272
0.39709688760895157
0.5759056940250765
0.6238917232098096
0.24080456722246435
0.18799498863129072
0.5994305866626509
0.8775726517130735
0.4458256399908207
0.08791460490301695
0.4875423603722743
0.10843818085229673
0.46564083291558234
0.7793798877418863
0.08772139360213504
0.23280559587168626
0.763916741558593
0.3646418971497325
0.10681009525853402
0.5130467756140062
0.4208063931184076
0.8727037177214929
0.02022626414197748
0.7992595755276528
0.8746066835556375
0.9634898609990733
0.3712916532987882
0.4268392812693229
0.6369195650034587
0.020353076863682595
0.9890258226261871
0.8249119657050202
0.4554692017067685
0.2449622247828962
0.5521706554530224
0.8290690058090427
0.4387653152283224
0.07271745009045827
0.3578742984569213
0.4115676091429662
0.728092632039827
0.21218966687349494
0.11537756058993254
0.043139344828085124
0.4048452850899965
0.8786831731997953
0.07820997729090506
0.18277516583343367
0.455013861161072
0.339872237168624
0.8528163194255944
0.4553317993303422
0.777672228144843
0.720563158792563
0.7771993435738886
0.9215309827378898
0.42059993498080506
0.12398576225896885
0.8500775248035531
0.4708998498027357
0.45371540162349433
0.5186191380153747
0.8092212592334217
0.7754268252438608
0.14978386163063617
0.5124086699022915
0.10704506810093417
0.43018463510100513
0.4319032480790894
0.09033223720805406
0.21219713964532427
0.8768977411413764
0.8685604774868344
0.6266255976479683
0.8778016910438914
0.45740899936265034
0.8495890964848974
0.9995784722289155
0.7601738069702615
0.47622619751430084
0.9601489492940739
0.4346637965530543
0.046240375661765976
0.4648059225447785
0.9848869568271841
0.7808652552180261
0.5535648702170894
0.9349589624923577
0.42072795266737284
0.2854186873830109
0.10378750555565752
0.7847376817354408
0.854282697825124
0.5737851463943584
0.8384570960625448
0.17739264129082855
0.06864989880086092
0.4645249453166811
0.5456439439986558
0.1524620345076918
0.28442782338464534
0.4528431468126798
0.9963880444670392
0.4477844502424423
0.5110403763210404
0.18192913527251986
0.7519506102439473
0.012201555398118513
0.5870212640778802
0.987813831731311
0.896000919026068
0.47094430961178724
0.1216891875637588
0.6513202962274088
0.6702845430958521
0.36917252853778093
0.21568603417665722
0.8197844342520861
0.047983449989380644
0.36386450362063694
0.534138959948044
0.1715746531072535
0.865891802152006
0.6602294902644096
0.0337465356101595
0.28804030554351623
0.2546963948089711
0.8960431896401978
0.40387794269401633
0.37037083226894996
0.7560633820362602
0.36578177258973565
0.0718133370234435
0.3929488091544243
0.6958984517962943
0.9461580422315726
0.4435429919097713
0.020131602690727668
0.09506049748109258
0.33563826801067154
0.9040809336354579
0.6299981278831184
0.6419735070258942
0.2527462320340611
0.9850390339194821
0.08644861574800411
0.025995422029682747
0.05143665477950643
0.022245457634291088
0.48014694385182266
0.23606654067927169
0.8065469730285277
0.5724813302325812
0.9191463519562707
0.2660741711612228
0.2983133999793831
0.8359480310728007
0.591641582010143
0.036534627056238556
0.482162949934166
0.33986664776175346
0.7461412930727294
0.24160716045554775
0.9684706379591906
0.17865041062738762
0.938456570266705
0.26111900427029855
0.7566967773095051
0.17737982905295735
0.8802529824236182
0.23919431586517503
0.9692963681340078
0.4478490259650024
0.49051496060358124
0.9242445211954313
0.6130189734793394
0.9402417543764945
0.299122820485589
0.8894905804463218
0.4586940622546508
0.7585333979794704
0.18084478905574108
0.30885301137552623
0.9753233102857841
0.20400516809060287
0.5083971170270454
0.5499584510791807
0.880277998492592
0.7387957613485444
0.20482780284330226
0.46417635757145725
0.27462617824733093
0.32020427917020977
0.8483305076081243
0.4030133330668323
0.5210906434118002
0.846497631803611
0.9366966462743012
0.670855923316918
0.9918659398828158
0.7762649286872823
0.6539660247772319
0.33596842809945926
0.5644981384034483
0.3358997476826854
0.9984368497725996
0.0648142567190384
0.27625876922313986
0.11358103296973654
0.9290482223354594
0.9191851446389183
0.8609203085125878
0.25316171475449
0.26624991050619295
0.8612856907208372
0.9865669130147542
0.9076638642573471
0.4438250991144058
0.04883512781214483
0.8890514961018942
0.08961750821277059
0.8497336972118273
0.8704117674132748
0.7529358939894915
0.5642703022647078
0.4168959135427308
0.07068063547592496
0.6302281529938448
0.9717330490699344
0.3289361920197096
0.24580776043667218
0.9069568673762355
0.9354164173040111
0.1912603150719957
0.451279126573512
0.3285998884172052
0.516652239817161
0.7844392563596346
0.6575068712597721
0.3776102412470803
0.00918245132247475
0.5647254292517013
0.3130182445532378
0.35975979464047514
0.7322375648213666
0.4056282176854744
0.3306879337919534
0.9007468240275336
0.1772156096612415
0.684827268747818
0.3993879187863658
0.6804906358594626
0.590511632875587
0.7123039566487753
0.6415931211604872
0.13976304934767192
0.8338368565504547
0.6684223843883953
0.2868953271700806
0.5822828935849909
0.15340575992258032
0.6747933734147923
0.21204180948331275
0.5651261019795457
0.31065800048746506
0.356106225388096
0.9100291820825376
0.7212811423391967
0.3797220215222822
0.26771462217906505
0.6939469807105133
0.1904053981801953
0.40061513585299957
0.8616144879136924
0.7156797310763838
0.6473148755662963
0.9922148954346515
0.2425535662725703
0.6852401629027738
0.5124667880779595
0.9753250472872149
0.8263634964592735
0.01342034588180363
0.30466992029014905
0.03369872272286634
0.1542072990211698
0.46861149118568035
0.2534855236395036
0.44967044201478934
0.5392860983588781
0.3380574412827877
0.22725704471223518
0.9910874877280181
0.9266513094072617
0.5144707759894337
0.7524343077011859
0.09752059428923499
0.3321191084547218
0.8908544558766501
0.40083363651205717
0.6162726610325238
0.49288645807431797
0.9395361692634162
0.10370269857018743
0.47249328949732483
0.9102988513039588
0.37583658412642607
0.014934825075580194
0.8227460602488222
0.2943219478414447
0.3624564419350549
0.39050423783308785
0.43766473405020334
0.5296206218753081
0.7975822375853345
0.5771705736142358
0.2868732119802523
0.6747505213238739
0.8478731876309387
0.6107271511942183
0.5581333558549785
0.17881876858067702
0.03690757452565174
0.11254431718797953
0.6327241325377756
0.4540723007945203
0.8803292714034366
0.14288545936805286
0.8603438411183975
0.1782233015495015
0.27085042602846765
0.42045030589427623
0.32936730133208647
0.21692340602496663
0.5594296820185823
0.8498262221880977
0.21207774205833851
0.854649484121773
0.5533596224905418
0.6120050280708296
0.6795333943474823
0.10136547466836643
0.457661099097891
0.167849447482735
0.8270168299113649
0.20267648183082487
0.12309633917737794
0.4003695971024459
0.5285547974861974
0.12279260090223632
0.8322764305274216
0.778896887069383
0.647785341547561
0.6924716535117225
0.2547533679211835
0.8667189758687496
0.5724873107273802
0.3182118243442109
0.1326504004587541
0.7134658863389778
0.611377703862827
0.6343161937278757
0.7202987473283189
0.6745145126412073
0.3943201597469661
0.2460532751767971
0.9945127934924792
0.9819045321338804
0.05087753408256612
0.7599888974162359
0.1765499342663851
0.9547359083353375
0.6071807333932052
0.6266664278691677
0.1624651745985518
0.08174452616153594
0.737374477795199
0.9311640167140159
0.04548488194032885
0.33472890266204836
0.7334401711146773
0.15865874079538356
0.03218778722165294
0.9787277976789904
0.3159851224336918
0.13497958598652426
0.7036960508655222
0.8333248959415276
0.6986259877675576
0.7962325455412184
0.7537423224660403
0.40918327524001064
0.13988403393347493
0.1769322669754374
0.047393829805902676
0.5948889803881424
0.0690481951750882
0.022677126300648
0.08737752257835552
0.6014099131962993
0.75625144485758
0.7312552763516172
0.7493655345461644
0.6849520984408741
0.41204501100847535
0.9051714284710843
0.4532430955560275
0.7637225194044216
0.5480435746621471
0.6589353209319279
0.7742960964876368
0.42008430113664286
0.4077544280976497
0.9660543741013184
0.8664188370445173
0.9368161147514851
0.2854919390297771
0.7535250655912537
0.968857018718772
0.9546647272435028
0.5913179508079476
0.15571845426925135
0.6986648461329754
0.05810576583196159
0.5912380685281342
0.3249072155913687
0.7929694060760752
0.0972048812702897
0.8544225853266366
0.4622833450753797
0.4582991724180132
0.33569739042069535
0.5730096135416655
0.28116647758753455
0.5086478629132375
0.5788814345667285
0.0850877704749522
0.943205358890145
0.029609131122445898
0.2796464547227412
0.12774415887629376
0.6187256672989957
0.39283083412630215
0.2469346284416849
0.5746027472937032
0.21397932107892093
0.06320270559509655
0.988160367518885
0.6710671645692048
0.4809023398629547
0.7906043992194665
0.9055887791850504
0.07052140419539998
0.6790888850084248
0.4587059089000697
0.5364010357020721
0.2960300955332661
0.19504197989020033
0.07522508750876722
0.7771509564703627
0.6046203865036066
0.04036167439265059
0.13121279949306375
0.5655436917973996
0.6150150299083268
0.9483841197913903
0.8313484038732852
0.8059440593521697
0.4747267993673139
0.867885511651269
0.5028940599460373
0.41974840580683637
0.78871209932158
0.012817609656673556
0.8278691174388583
0.27773075621601184
0.00932186656574141
0.26864180096362766
0.4111705878486356
0.4287003547184213
0.49607586466472164
0.6786813849059167
0.596779697130131
0.47728428192702965
0.9938265687175599
0.9380125854616161
0.37485820901336986
0.183375343977492
0.8491669433371846
0.30776672402421756
0.6844529092230295
0.35676249147984895
0.8874759437849081
0.1293173248927888
0.40968990995889243
0.9026864828963395
0.5067851778276959
0.16567761827145355
0.8917552067026491
0.4375414688695537
0.20968764870310175
0.32653562262436486
0.834621677446616
0.2386685604539055
0.49080059452821356
0.9437050743171939
0.06939663498599835
0.418164665803304
0.7248317108955689
0.6553724922118849
0.760328394199087
0.11785626933107918
0.45908827128913265
0.13037209834959462
0.2849241445849102
0.2110642489520208
0.30430723986826136
0.3178218187084345
0.20129576681665085
0.4665125787640474
0.43897350417085124
0.6428050857520566
0.4277639235098535
0.38071044409718025
0.5948326178611447
0.5853849402143428
0.0029149063841723555
0.9173632625002258
0.2750934738569736
0.37808828293987806
0.5687194537254405
0.2058455633227193
0.8718551707190165
0.13609995268920239
0.024985336618674858
0.8454942773199976
0.2955817053266896
0.5947573360233276
0.6403314036472653
0.8384585557611586
0.7069869199156383
0.7705385815697305
0.2730331916106906
0.33106776744078514
0.9504814690975473
0.28458825761324036
0.2545054872961605
0.2821567307910433
0.3283722753324032
0.7919263647763511
0.9188504748677353
0.8965133381126209
0.4262944548890585
0.9448380723047236
0.7238146926721524
0.1625904867442266
0.802894247373781
0.5855427894863405
0.40166174683192657
0.11585057488741701
0.4905709926782247
0.4110934050998486
0.6028820323159424
0.5125877312729981
0.41912516468063254
0.18255734332325335
0.05132458196673706
0.44379917619961773
0.0704480104363936
0.6608831466450463
0.31625027077425993
0.04465383388616395
0.8999284238695725
0.8434578913724733
0.924969916715744
0.8623329663130782
0.3190408619574996
0.7482115862039523
0.6891444466607874
0.6334937297488563
0.32361722030656825
0.9462276153440886
0.7984886070766211
0.1923339849085004
0.17359565365135443
0.2791681685931603
0.44753397930512895
0.9812120525080795
0.8825767043865674
0.7144267549295814
0.5042704139507834
0.16800291291568747
0.6593079280405617
0.08877022874872809
0.0039001404286216346
0.6878479077881916
0.8582558476034691
0.5703352461124991
0.056601623253225375
0.6216821277224958
0.44271407206439706
0.029194807996830607
0.09511547967378309
0.19990024707471554
0.4414350232979761
0.1483128466568876
0.2561277946144396
0.3767475654083611
0.38856176241364615
0.029555913146983026
0.08884124519651715
0.35950037167429016
0.27667589184144703
0.25353262746681515
0.7147874954816705
0.6962257054860173
0.12406577874683933
0.8373834491411002
0.024849172081032433
0.5268874445127713
0.859859572791545
0.301244352985541
0.4926235368031354
0.38479193775567133
0.8644551468345857
0.10196008951926838
0.7076737021383378
0.498843606514517
0.16771944790864046
0.0217238453944969
0.787877976884394
0.8918064106884178
0.003718069142317426
0.7096721440721393
0.41700123881626894
0.6957448807986708
0.14827485324024825
0.46606463971379575
0.3717769849174095
0.013043896614635675
0.2244510295812392
0.5315310977227573
0.05220226981390963
0.33988387283961163
0.9510718477002642
0.5979682108289529
0.7094119574313522
0.03877361667195889
0.13071789663844402
0.9930216043362478
0.7774129536777835
0.5977208149058336
0.026137532417116915
0.006688923083340348
0.9581229419127818
0.44584543412869604
0.6578257617932792
0.1264324232356605
0.4835721445337101
0.9087190448808091
0.47055381770495786
0.526290095219768
0.2847909918122623
0.48143872411573607
0.7629233299803406
0.015826685619426795
0.6338203245718304
0.973421266614423
0.2515570746791035
0.796367234453166
0.19344515700775633
0.236130008007851
0.15032847234631086
0.7948071963477609
0.3086665599997277
0.12342265955679121
0.18507006755875033
0.04939495911763114
0.8045909947121715
0.053935742443821155
0.035490989029017594
0.6072339555055863
0.5173298234212793
0.04589731148291931
0.7985721044892782
0.6598535668122635
0.27766625274134515
0.3769864033803556
0.20149675262167221
0.19104892720648703
